0 35 0 36
0 36 1 36
0 37 1 37
0 38 0 37
0 39 1 39
0 40 0 39
0 41 1 41
0 42 1 42
0 43 0 42
0 48 1 48
0 49 0 48
0 50 0 51
0 51 1 51
0 74 0 75
0 75 0 76
0 76 1 76
0 77 0 78
0 78 0 79
0 79 1 79
0 80 1 80
0 81 1 81
0 82 0 81
0 83 0 82
0 88 1 88
0 91 0 92
0 92 0 93
0 93 1 93
0 94 1 94
0 95 0 96
0 96 1 96
0 97 0 96
0 99 1 99
1 29 2 29
1 35 1 36
1 36 2 36
1 37 2 37
1 38 1 37
1 39 1 38
1 40 0 40
1 41 1 42
1 42 2 42
1 48 1 49
1 49 2 49
1 50 1 49
1 51 1 50
1 72 1 73
1 73 1 74
1 74 2 74
1 75 2 75
1 76 1 77
1 77 1 78
1 78 0 78
1 79 2 79
1 80 1 79
1 81 2 81
1 82 0 82
1 83 1 82
1 84 2 84
1 85 2 85
1 88 1 89
1 89 2 89
1 90 1 91
1 91 2 91
1 92 1 93
1 93 1 94
1 94 2 94
1 96 2 96
1 97 1 96
1 98 1 99
1 99 2 99
1 100 2 100
2 28 2 29
2 29 3 29
2 30 2 31
2 31 3 31
2 32 3 32
2 35 2 36
2 36 2 37
2 37 2 38
2 38 3 38
2 39 2 38
2 40 2 39
2 41 2 40
2 42 2 41
2 47 2 48
2 48 2 49
2 49 2 50
2 50 2 51
2 51 2 52
2 52 3 52
2 74 3 74
2 75 2 74
2 76 2 75
2 77 2 78
2 78 1 78
2 79 3 79
2 80 2 79
2 81 2 82
2 82 3 82
2 83 3 83
2 84 2 83
2 85 2 84
2 88 3 88
2 89 3 89
2 90 2 91
2 91 3 91
2 92 1 92
2 93 1 93
2 94 3 94
2 95 3 95
2 96 2 95
2 97 1 97
2 98 3 98
2 99 3 99
2 100 2 99
2 101 3 101
3 28 4 28
3 29 4 29
3 30 4 30
3 31 3 32
3 32 4 32
3 34 3 35
3 35 2 35
3 36 2 36
3 37 4 37
3 38 3 39
3 39 4 39
3 40 3 39
3 41 2 41
3 42 3 43
3 43 3 44
3 44 3 45
3 45 3 46
3 46 4 46
3 47 3 48
3 48 4 48
3 49 2 49
3 50 2 50
3 51 2 51
3 52 4 52
3 53 3 54
3 54 3 55
3 55 4 55
3 56 4 56
3 58 4 58
3 59 3 58
3 60 3 59
3 61 3 60
3 73 3 74
3 74 3 75
3 75 3 76
3 76 3 77
3 77 3 78
3 78 3 79
3 79 4 79
3 80 3 79
3 81 4 81
3 82 3 81
3 83 4 83
3 84 2 84
3 85 3 84
3 88 3 89
3 89 4 89
3 90 4 90
3 91 3 92
3 92 4 92
3 93 3 94
3 94 4 94
3 95 3 96
3 96 4 96
3 97 4 97
3 98 4 98
3 99 4 99
3 100 3 99
3 101 3 100
4 26 5 26
4 27 4 28
4 28 5 28
4 29 5 29
4 30 4 31
4 31 4 32
4 32 5 32
4 33 4 34
4 34 3 34
4 35 3 35
4 36 4 35
4 37 4 38
4 38 3 38
4 39 5 39
4 40 5 40
4 41 5 41
4 42 4 43
4 43 3 43
4 44 3 44
4 45 4 46
4 46 4 47
4 47 4 48
4 48 4 49
4 49 4 50
4 50 3 50
4 51 4 50
4 52 5 52
4 53 4 54
4 54 4 55
4 55 5 55
4 56 4 57
4 57 5 57
4 58 4 57
4 59 5 59
4 60 5 60
4 61 4 60
4 73 3 73
4 74 5 74
4 75 4 76
4 76 4 77
4 77 4 78
4 78 5 78
4 79 4 78
4 80 4 79
4 81 4 80
4 82 4 81
4 83 5 83
4 84 3 84
4 85 3 85
4 86 4 85
4 88 5 88
4 89 4 90
4 90 4 91
4 91 5 91
4 92 5 92
4 93 4 92
4 94 4 93
4 95 4 94
4 96 5 96
4 97 5 97
4 98 4 97
4 99 4 98
4 100 5 100
4 101 4 100
5 25 5 26
5 26 6 26
5 27 6 27
5 28 6 28
5 29 6 29
5 30 4 30
5 31 4 31
5 32 5 33
5 33 6 33
5 34 5 33
5 35 5 34
5 36 5 35
5 37 5 36
5 38 5 39
5 39 6 39
5 40 5 39
5 41 5 40
5 42 5 41
5 43 5 44
5 44 4 44
5 45 4 45
5 46 5 45
5 47 4 47
5 48 6 48
5 49 5 50
5 50 5 51
5 51 5 52
5 52 5 53
5 53 6 53
5 54 5 55
5 55 5 56
5 56 5 57
5 57 6 57
5 58 6 58
5 59 5 58
5 60 6 60
5 61 5 60
5 62 5 61
5 63 5 62
5 67 6 67
5 70 6 70
5 73 6 73
5 74 5 73
5 75 6 75
5 76 4 76
5 77 5 78
5 78 6 78
5 79 5 78
5 80 5 79
5 81 6 81
5 82 5 81
5 83 5 82
5 84 5 83
5 88 5 89
5 89 4 89
5 90 4 90
5 91 5 92
5 92 6 92
5 93 5 92
5 94 5 95
5 95 6 95
5 96 6 96
5 97 5 96
5 98 6 98
5 99 4 99
5 100 5 99
5 101 5 100
6 26 7 26
6 27 6 28
6 28 6 29
6 29 7 29
6 30 7 30
6 31 5 31
6 32 7 32
6 33 6 32
6 34 5 34
6 35 6 36
6 36 5 36
6 38 6 39
6 39 7 39
6 40 5 40
6 41 7 41
6 42 7 42
6 43 7 43
6 44 6 43
6 45 5 45
6 46 6 47
6 47 5 47
6 48 6 47
6 49 6 50
6 50 6 51
6 51 5 51
6 52 7 52
6 53 7 53
6 54 7 54
6 55 7 55
6 56 6 55
6 57 6 58
6 58 6 59
6 59 6 60
6 60 7 60
6 61 6 60
6 62 6 61
6 63 7 63
6 67 7 67
6 68 6 69
6 69 7 69
6 70 7 70
6 71 6 70
6 73 7 73
6 74 7 74
6 75 6 74
6 76 5 76
6 77 7 77
6 78 7 78
6 79 7 79
6 80 7 80
6 81 6 82
6 82 7 82
6 83 6 84
6 84 7 84
6 85 6 86
6 86 6 87
6 87 6 88
6 88 5 88
6 89 6 90
6 90 5 90
6 91 6 90
6 92 7 92
6 93 7 93
6 94 6 93
6 95 6 96
6 96 7 96
6 97 7 97
6 98 7 98
6 99 7 99
6 100 7 100
7 26 7 27
7 27 7 28
7 28 7 29
7 29 7 30
7 30 7 31
7 31 7 32
7 32 7 33
7 33 7 34
7 34 8 34
7 38 7 39
7 39 7 40
7 40 8 40
7 41 7 40
7 42 8 42
7 43 8 43
7 44 7 43
7 45 7 44
7 46 6 46
7 47 7 48
7 48 6 48
7 49 7 50
7 50 6 50
7 51 8 51
7 52 8 52
7 53 8 53
7 54 7 53
7 55 8 55
7 56 7 55
7 57 7 56
7 58 7 57
7 59 7 58
7 60 7 59
7 61 6 61
7 62 6 62
7 63 7 62
7 66 7 67
7 67 8 67
7 68 7 69
7 69 8 69
7 70 7 69
7 71 7 72
7 72 7 73
7 73 8 73
7 74 7 75
7 75 7 76
7 76 8 76
7 77 8 77
7 78 8 78
7 79 8 79
7 80 7 81
7 81 8 81
7 82 7 83
7 83 8 83
7 84 7 85
7 85 8 85
7 86 6 86
7 87 6 87
7 88 6 88
7 89 6 89
7 90 7 89
7 91 7 92
7 92 8 92
7 93 8 93
7 94 8 94
7 95 6 95
7 96 8 96
7 97 8 97
7 98 8 98
7 99 7 100
7 100 8 100
7 101 8 101
8 24 8 25
8 25 8 26
8 26 7 26
8 28 8 29
8 29 7 29
8 30 7 30
8 31 7 31
8 32 8 33
8 33 8 34
8 34 9 34
8 38 7 38
8 39 9 39
8 40 8 39
8 41 8 40
8 42 8 43
8 43 9 43
8 44 8 43
8 45 7 45
8 46 8 45
8 47 7 47
8 48 7 48
8 49 7 49
8 50 8 51
8 51 9 51
8 52 9 52
8 53 9 53
8 54 8 55
8 55 9 55
8 56 9 56
8 57 9 57
8 58 7 58
8 59 8 58
8 60 7 60
8 61 8 60
8 62 8 61
8 63 9 63
8 64 9 64
8 67 8 68
8 68 8 69
8 69 9 69
8 70 8 71
8 71 7 71
8 72 8 71
8 73 9 73
8 74 7 74
8 75 8 76
8 76 9 76
8 77 8 78
8 78 9 78
8 79 8 78
8 80 9 80
8 81 9 81
8 82 9 82
8 83 8 82
8 84 8 83
8 85 9 85
8 86 7 86
8 87 8 88
8 88 9 88
8 89 7 89
8 90 8 91
8 91 9 91
8 92 9 92
8 93 9 93
8 94 8 93
8 95 8 96
8 96 8 97
8 97 9 97
8 98 8 97
8 99 8 98
8 100 9 100
8 101 8 100
9 26 8 26
9 29 8 29
9 30 9 29
9 31 9 30
9 32 9 33
9 33 9 34
9 34 9 35
9 35 9 36
9 36 9 37
9 37 9 38
9 38 9 39
9 39 10 39
9 40 9 39
9 41 9 40
9 42 9 41
9 43 10 43
9 44 8 44
9 45 10 45
9 46 8 46
9 47 8 47
9 48 8 48
9 49 10 49
9 50 9 51
9 51 10 51
9 52 9 53
9 53 10 53
9 54 9 55
9 55 10 55
9 56 10 56
9 57 9 56
9 58 9 59
9 59 9 60
9 60 10 60
9 61 10 61
9 62 10 62
9 63 9 62
9 64 9 63
9 66 9 67
9 67 8 67
9 68 8 68
9 69 9 70
9 70 9 71
9 71 9 72
9 72 9 73
9 73 9 74
9 74 9 75
9 75 8 75
9 76 9 77
9 77 10 77
9 78 10 78
9 79 10 79
9 80 9 79
9 81 9 82
9 82 10 82
9 83 8 83
9 84 9 83
9 85 10 85
9 87 8 87
9 88 9 89
9 89 9 90
9 90 9 91
9 91 10 91
9 92 9 91
9 93 9 92
9 94 9 93
9 95 9 96
9 96 10 96
9 97 10 97
9 98 10 98
9 99 10 99
9 100 9 99
9 101 10 101
10 26 11 26
10 29 10 30
10 30 10 31
10 31 11 31
10 32 9 32
10 33 10 34
10 34 9 34
10 35 9 35
10 36 10 37
10 37 9 37
10 38 9 38
10 39 11 39
10 40 10 39
10 41 9 41
10 42 10 41
10 43 10 42
10 44 10 43
10 45 10 46
10 46 10 47
10 47 10 48
10 48 10 49
10 49 10 50
10 50 11 50
10 51 11 51
10 52 11 52
10 53 11 53
10 54 11 54
10 55 11 55
10 56 10 55
10 57 9 57
10 58 9 58
10 59 10 58
10 60 11 60
10 61 10 62
10 62 10 63
10 63 11 63
10 64 10 63
10 67 9 67
10 69 9 69
10 70 9 70
10 71 10 70
10 72 9 72
10 73 10 74
10 74 10 75
10 75 9 75
10 76 9 76
10 77 11 77
10 78 11 78
10 79 10 80
10 80 11 80
10 81 10 80
10 82 10 81
10 83 10 82
10 84 9 84
10 85 11 85
10 86 11 86
10 87 10 86
10 88 10 87
10 89 11 89
10 90 9 90
10 91 11 91
10 92 10 93
10 93 11 93
10 94 9 94
10 95 11 95
10 96 10 97
10 97 11 97
10 98 10 97
10 99 10 98
10 100 10 101
10 101 11 101
10 102 10 101
10 103 10 104
10 104 11 104
10 105 11 105
10 106 10 105
11 25 11 26
11 26 11 27
11 27 11 28
11 28 11 29
11 29 11 30
11 30 12 30
11 31 12 31
11 32 12 32
11 33 10 33
11 34 11 33
11 35 11 36
11 36 12 36
11 37 12 37
11 38 11 37
11 39 11 40
11 40 12 40
11 41 10 41
11 42 12 42
11 43 11 44
11 44 12 44
11 45 10 45
11 46 10 46
11 47 10 47
11 48 11 49
11 49 12 49
11 50 12 50
11 51 11 52
11 52 11 53
11 53 12 53
11 54 11 53
11 55 12 55
11 56 11 55
11 57 11 56
11 58 11 57
11 59 11 58
11 60 12 60
11 61 11 60
11 62 11 61
11 63 12 63
11 64 10 64
11 65 11 64
11 68 11 69
11 69 10 69
11 70 10 70
11 71 12 71
11 72 11 71
11 73 11 74
11 74 10 74
11 75 12 75
11 76 12 76
11 77 11 78
11 78 11 79
11 79 11 80
11 80 12 80
11 81 12 81
11 82 11 83
11 83 11 84
11 84 11 85
11 85 12 85
11 86 11 85
11 87 12 87
11 88 10 88
11 89 11 90
11 90 11 91
11 91 11 92
11 92 11 93
11 93 12 93
11 94 12 94
11 95 11 94
11 96 12 96
11 97 11 96
11 98 11 97
11 99 11 98
11 100 10 100
11 101 12 101
11 102 10 102
11 103 12 103
11 104 11 103
11 105 11 104
11 106 10 106
12 27 11 27
12 28 12 29
12 29 12 30
12 30 12 31
12 31 12 32
12 32 12 33
12 33 11 33
12 34 11 34
12 35 12 36
12 36 13 36
12 37 12 38
12 38 12 39
12 39 13 39
12 40 13 40
12 41 12 42
12 42 12 43
12 43 13 43
12 44 12 45
12 45 13 45
12 46 13 46
12 47 13 47
12 48 13 48
12 49 13 49
12 50 12 51
12 51 12 52
12 52 12 53
12 53 12 54
12 54 13 54
12 55 12 54
12 56 12 57
12 57 12 58
12 58 12 59
12 59 12 60
12 60 13 60
12 61 12 60
12 62 13 62
12 63 13 63
12 64 12 63
12 65 12 64
12 66 12 65
12 68 12 69
12 69 11 69
12 70 11 70
12 71 12 70
12 72 12 73
12 73 11 73
12 74 11 74
12 75 12 74
12 76 12 75
12 77 13 77
12 78 11 78
12 79 12 80
12 80 12 81
12 81 13 81
12 82 12 83
12 83 11 83
12 84 13 84
12 85 13 85
12 86 11 86
12 87 12 86
12 88 12 87
12 89 12 90
12 90 11 90
12 91 13 91
12 92 12 91
12 93 13 93
12 94 13 94
12 95 12 96
12 96 13 96
12 97 13 97
12 98 13 98
12 99 11 99
12 100 11 100
12 101 13 101
12 102 12 101
12 103 13 103
12 104 12 103
12 105 12 104
12 106 13 106
12 107 12 106
13 26 13 27
13 27 14 27
13 28 12 28
13 29 13 30
13 30 13 31
13 31 13 32
13 32 14 32
13 33 14 33
13 34 13 33
13 35 12 35
13 36 13 37
13 37 14 37
13 38 12 38
13 39 14 39
13 40 13 41
13 41 13 42
13 42 12 42
13 43 14 43
13 44 13 43
13 45 13 46
13 46 14 46
13 47 14 47
13 48 14 48
13 49 13 50
13 50 13 51
13 51 13 52
13 52 14 52
13 53 13 52
13 54 13 55
13 55 13 56
13 56 12 56
13 57 14 57
13 58 13 59
13 59 13 60
13 60 13 61
13 61 14 61
13 62 14 62
13 63 13 62
13 64 14 64
13 65 14 65
13 66 12 66
13 67 14 67
13 68 12 68
13 69 13 70
13 70 12 70
13 71 13 72
13 72 13 73
13 73 13 74
13 74 12 74
13 75 14 75
13 76 12 76
13 77 14 77
13 78 12 78
13 79 13 78
13 80 13 79
13 81 14 81
13 82 13 81
13 83 14 83
13 84 14 84
13 85 13 86
13 86 14 86
13 87 12 87
13 88 14 88
13 89 14 89
13 90 13 91
13 91 14 91
13 92 14 92
13 93 13 92
13 94 13 93
13 95 13 94
13 96 13 95
13 97 13 96
13 98 13 97
13 99 13 98
13 100 13 99
13 101 13 100
13 102 13 101
13 103 13 102
13 104 13 105
13 105 12 105
13 106 13 105
13 107 14 107
13 108 14 108
13 109 14 109
14 25 15 25
14 27 15 27
14 28 14 29
14 29 14 30
14 30 14 31
14 31 14 32
14 32 14 33
14 33 14 34
14 34 15 34
14 35 13 35
14 36 14 37
14 37 15 37
14 38 13 38
14 39 15 39
14 40 14 41
14 41 13 41
14 42 14 43
14 43 14 44
14 44 14 45
14 45 14 46
14 46 14 47
14 47 14 48
14 48 14 49
14 49 13 49
14 50 13 50
14 51 15 51
14 52 14 53
14 53 14 54
14 54 13 54
14 55 13 55
14 56 13 56
14 57 14 56
14 58 14 57
14 59 14 58
14 60 14 61
14 61 15 61
14 62 14 63
14 63 15 63
14 64 15 64
14 65 14 64
14 66 13 66
14 67 15 67
14 69 13 69
14 71 14 72
14 72 13 72
14 73 14 74
14 74 13 74
14 75 14 74
14 76 13 76
14 77 14 78
14 78 13 78
14 79 14 78
14 80 14 81
14 81 14 82
14 82 15 82
14 83 14 84
14 84 15 84
14 85 14 84
14 86 15 86
14 87 14 86
14 88 15 88
14 89 14 90
14 90 13 90
14 91 15 91
14 92 14 91
14 93 14 92
14 94 14 93
14 95 15 95
14 96 14 95
14 97 13 97
14 98 13 98
14 99 13 99
14 100 13 100
14 101 14 100
14 102 14 101
14 103 13 103
14 104 14 103
14 105 13 105
14 106 13 106
14 107 14 106
14 108 14 107
14 109 14 108
14 110 14 109
15 24 16 24
15 25 16 25
15 26 15 25
15 27 16 27
15 28 14 28
15 29 16 29
15 30 15 31
15 31 16 31
15 32 14 32
15 33 16 33
15 34 15 33
15 35 15 36
15 36 15 37
15 37 15 38
15 38 15 39
15 39 15 40
15 40 15 41
15 41 15 42
15 42 14 42
15 43 14 43
15 44 14 44
15 45 14 45
15 46 15 45
15 47 14 47
15 48 14 48
15 49 15 48
15 50 16 50
15 51 15 50
15 52 15 53
15 53 14 53
15 54 15 53
15 56 14 56
15 57 15 56
15 58 16 58
15 59 16 59
15 60 16 60
15 61 15 62
15 62 15 63
15 63 15 64
15 64 16 64
15 65 15 64
15 66 16 66
15 67 16 67
15 70 15 71
15 71 14 71
15 72 15 73
15 73 14 73
15 74 14 74
15 75 15 74
15 76 15 77
15 77 14 77
15 78 15 79
15 79 16 79
15 80 16 80
15 81 15 82
15 82 15 83
15 83 15 84
15 84 16 84
15 85 16 85
15 86 15 85
15 87 15 86
15 88 15 87
15 89 15 90
15 90 16 90
15 91 15 92
15 92 16 92
15 93 14 93
15 94 15 93
15 95 16 95
15 96 16 96
15 97 16 97
15 98 16 98
15 99 15 98
15 100 14 100
15 101 15 100
15 102 14 102
15 103 14 103
15 104 16 104
15 105 15 104
15 106 15 107
15 107 14 107
15 108 15 107
15 109 15 108
15 110 15 109
16 22 16 23
16 23 16 24
16 24 16 25
16 25 16 26
16 26 17 26
16 27 17 27
16 28 16 29
16 29 16 30
16 30 16 31
16 31 16 32
16 32 17 32
16 33 17 33
16 34 16 35
16 35 16 36
16 36 15 36
16 37 16 38
16 38 16 39
16 39 15 39
16 40 16 39
16 41 16 42
16 42 15 42
16 43 15 43
16 44 16 43
16 45 16 46
16 46 16 47
16 47 16 48
16 48 15 48
16 49 15 49
16 50 16 49
16 51 16 50
16 52 16 51
16 53 15 53
16 54 15 54
16 56 16 57
16 57 15 57
16 58 16 59
16 59 16 60
16 60 16 61
16 61 15 61
16 62 15 62
16 63 17 63
16 64 17 64
16 65 15 65
16 66 16 67
16 67 17 67
16 71 17 71
16 72 16 73
16 73 16 74
16 74 15 74
16 75 16 74
16 76 17 76
16 77 16 76
16 78 16 79
16 79 17 79
16 80 16 79
16 81 16 80
16 82 16 81
16 83 17 83
16 84 17 84
16 85 16 84
16 86 17 86
16 87 17 87
16 88 16 87
16 89 16 88
16 90 17 90
16 91 16 92
16 92 17 92
16 93 16 92
16 94 17 94
16 95 16 94
16 96 16 97
16 97 17 97
16 98 17 98
16 99 16 98
16 100 16 101
16 101 15 101
16 102 16 101
16 103 17 103
16 104 16 103
16 107 15 107
17 24 16 24
17 26 17 27
17 27 18 27
17 28 17 29
17 29 18 29
17 30 17 29
17 31 17 32
17 32 17 33
17 33 17 34
17 34 17 35
17 35 16 35
17 36 18 36
17 37 17 38
17 38 16 38
17 39 16 39
17 40 16 40
17 41 17 40
17 42 16 42
17 43 16 43
17 44 16 44
17 45 16 45
17 46 17 47
17 47 16 47
17 48 17 49
17 49 16 49
17 50 16 50
17 51 16 51
17 52 17 51
17 53 18 53
17 59 16 59
17 60 16 60
17 61 17 62
17 62 16 62
17 63 17 62
17 64 18 64
17 65 17 64
17 66 18 66
17 67 18 67
17 71 18 71
17 72 16 72
17 73 17 74
17 74 18 74
17 75 18 75
17 76 18 76
17 77 18 77
17 78 17 77
17 79 18 79
17 80 17 79
17 81 17 80
17 82 17 81
17 83 18 83
17 84 17 83
17 85 17 86
17 86 17 87
17 87 17 88
17 88 17 89
17 89 18 89
17 90 18 90
17 91 17 90
17 92 17 91
17 93 17 92
17 94 17 93
17 95 17 96
17 96 17 97
17 97 18 97
17 98 17 99
17 99 17 100
17 100 17 101
17 101 16 101
17 102 17 101
17 103 17 104
17 104 18 104
17 105 17 104
18 27 19 27
18 28 18 29
18 29 18 30
18 30 18 31
18 31 18 32
18 32 17 32
18 33 17 33
18 34 17 34
18 35 18 36
18 36 18 37
18 37 17 37
18 38 18 39
18 39 17 39
18 40 18 39
18 41 18 40
18 42 17 42
18 43 17 43
18 44 18 45
18 45 18 46
18 46 18 47
18 47 17 47
18 48 17 48
18 49 19 49
18 50 17 50
18 51 18 50
18 52 17 52
18 53 18 52
18 59 18 60
18 60 18 61
18 61 17 61
18 62 17 62
18 63 19 63
18 64 19 64
18 65 18 64
18 66 18 65
18 67 18 66
18 68 19 68
18 69 19 69
18 70 19 70
18 71 19 71
18 72 18 71
18 73 19 73
18 74 18 73
18 75 19 75
18 76 18 75
18 77 18 78
18 78 19 78
18 79 18 78
18 80 18 79
18 81 17 81
18 82 18 83
18 83 19 83
18 84 18 83
18 85 18 84
18 86 17 86
18 87 17 87
18 88 18 89
18 89 19 89
18 90 18 89
18 91 18 90
18 92 19 92
18 93 18 92
18 94 18 93
18 95 18 96
18 96 19 96
18 97 18 96
18 98 17 98
18 99 17 99
18 100 17 100
18 102 17 102
18 103 18 102
18 104 18 103
18 105 18 104
19 27 19 28
19 28 19 29
19 29 18 29
19 30 18 30
19 31 19 30
19 32 18 32
19 34 18 34
19 35 18 35
19 36 18 36
19 37 19 38
19 38 18 38
19 39 19 38
19 40 19 39
19 41 18 41
19 42 18 42
19 43 19 44
19 44 18 44
19 45 18 45
19 46 19 47
19 47 19 48
19 48 18 48
19 49 19 48
19 50 18 50
19 51 19 50
19 59 18 59
19 60 18 60
19 61 19 62
19 62 18 62
19 63 20 63
19 64 19 63
19 65 20 65
19 66 19 65
19 67 20 67
19 68 19 69
19 69 19 70
19 70 19 71
19 71 19 72
19 72 20 72
19 73 20 73
19 74 20 74
19 75 19 74
19 76 19 77
19 77 18 77
19 78 20 78
19 79 20 79
19 80 18 80
19 81 19 80
19 82 20 82
19 83 19 84
19 84 20 84
19 85 18 85
19 86 20 86
19 87 19 86
19 88 20 88
19 89 20 89
19 90 19 89
19 91 19 92
19 92 20 92
19 93 19 94
19 94 18 94
19 95 19 94
19 96 20 96
19 97 20 97
19 98 19 97
19 99 18 99
19 100 18 100
20 27 19 27
20 28 19 28
20 29 19 29
20 30 20 31
20 31 19 31
20 38 19 38
20 39 20 40
20 40 20 41
20 41 20 42
20 42 19 42
20 43 19 43
20 44 19 44
20 45 21 45
20 46 21 46
20 47 20 46
20 48 19 48
20 49 20 48
20 50 20 51
20 51 19 51
20 54 21 54
20 55 21 55
20 57 21 57
20 58 20 57
20 59 21 59
20 60 21 60
20 61 20 60
20 62 21 62
20 63 21 63
20 64 20 63
20 65 21 65
20 66 20 65
20 67 21 67
20 68 21 68
20 69 21 69
20 70 19 70
20 71 19 71
20 72 20 73
20 73 21 73
20 74 20 73
20 75 21 75
20 76 20 77
20 77 21 77
20 78 21 78
20 79 20 78
20 80 20 81
20 81 21 81
20 82 21 82
20 83 20 82
20 84 20 83
20 85 20 84
20 86 20 85
20 87 19 87
20 88 21 88
20 89 21 89
20 90 20 89
20 91 21 91
20 92 20 91
20 93 20 94
20 94 19 94
20 95 21 95
20 96 20 95
20 97 20 96
20 98 20 97
20 99 19 99
20 100 19 100
20 101 21 101
21 28 21 29
21 29 20 29
21 30 21 29
21 31 20 31
21 39 21 40
21 40 20 40
21 41 21 42
21 42 21 43
21 43 20 43
21 44 21 43
21 45 21 44
21 46 22 46
21 47 21 46
21 48 20 48
21 49 22 49
21 50 21 49
21 51 20 51
21 52 21 51
21 53 21 54
21 54 21 55
21 55 22 55
21 56 21 57
21 57 22 57
21 58 21 59
21 59 22 59
21 60 21 61
21 61 21 62
21 62 22 62
21 63 21 62
21 64 20 64
21 65 21 64
21 66 21 65
21 67 21 66
21 68 22 68
21 69 22 69
21 70 21 71
21 71 21 72
21 72 20 72
21 73 21 74
21 74 21 75
21 75 22 75
21 76 20 76
21 77 22 77
21 78 22 78
21 79 22 79
21 80 20 80
21 81 21 82
21 82 22 82
21 83 20 83
21 84 21 85
21 85 21 86
21 86 22 86
21 87 21 86
21 88 22 88
21 89 22 89
21 90 22 90
21 91 22 91
21 92 22 92
21 93 21 92
21 94 20 94
21 95 21 94
21 96 20 96
21 97 21 96
21 98 20 98
21 99 22 99
21 100 20 100
21 101 22 101
21 102 21 101
22 28 21 28
22 29 23 29
22 30 21 30
22 31 21 31
22 32 22 31
22 42 21 42
22 44 21 44
22 45 22 46
22 46 23 46
22 47 22 48
22 48 23 48
22 49 22 48
22 50 21 50
22 51 22 52
22 52 21 52
22 55 23 55
22 56 22 55
22 57 23 57
22 58 22 59
22 59 22 60
22 60 22 61
22 61 23 61
22 62 22 61
22 63 22 62
22 64 21 64
22 65 22 64
22 66 21 66
22 67 21 67
22 68 22 67
22 69 22 70
22 70 21 70
22 71 21 71
22 72 22 71
22 73 21 73
22 74 22 75
22 75 22 76
22 76 23 76
22 77 22 76
22 78 22 77
22 79 22 78
22 80 22 81
22 81 23 81
22 82 23 82
22 83 22 82
22 84 21 84
22 85 21 85
22 86 22 87
22 87 22 88
22 88 23 88
22 89 23 89
22 90 22 89
22 91 22 90
22 92 23 92
22 93 22 92
22 94 21 94
22 95 21 95
22 96 22 95
22 97 22 96
22 98 23 98
22 99 22 98
22 100 21 100
22 101 22 100
22 102 22 101
22 103 22 102
23 28 22 28
23 29 23 28
23 30 23 31
23 31 22 31
23 32 22 32
23 33 23 32
23 45 23 46
23 46 23 47
23 47 23 48
23 48 23 49
23 49 23 50
23 50 23 51
23 51 23 52
23 52 22 52
23 53 24 53
23 54 23 53
23 55 23 54
23 56 23 55
23 57 23 58
23 58 22 58
23 59 22 59
23 60 24 60
23 61 23 60
23 62 22 62
23 63 24 63
23 64 23 63
23 65 22 65
23 66 22 66
23 67 24 67
23 68 23 67
23 69 22 69
23 70 22 70
23 71 24 71
23 72 23 73
23 73 23 74
23 74 22 74
23 75 23 74
23 76 23 77
23 77 23 78
23 78 24 78
23 79 23 80
23 80 23 81
23 81 23 82
23 82 24 82
23 83 23 82
23 84 22 84
23 85 23 86
23 86 22 86
23 87 23 88
23 88 24 88
23 89 23 88
23 90 24 90
23 91 23 92
23 92 24 92
23 93 22 93
23 94 23 95
23 95 23 96
23 96 22 96
23 97 22 97
23 98 23 97
23 99 23 98
23 102 22 102
24 29 23 29
24 30 24 31
24 31 23 31
24 32 25 32
24 33 25 33
24 44 25 44
24 45 23 45
24 46 23 46
24 47 24 48
24 48 23 48
24 49 24 48
24 50 24 49
24 51 23 51
24 52 25 52
24 53 24 52
24 54 24 55
24 55 23 55
24 56 24 55
24 57 24 58
24 58 24 59
24 59 25 59
24 60 25 60
24 61 24 62
24 62 25 62
24 63 25 63
24 64 25 64
24 65 24 66
24 66 25 66
24 67 24 68
24 68 25 68
24 69 25 69
24 70 24 69
24 71 24 72
24 72 25 72
24 73 24 72
24 74 23 74
24 75 25 75
24 76 25 76
24 77 23 77
24 78 24 79
24 79 24 80
24 80 25 80
24 81 23 81
24 82 25 82
24 83 24 82
24 84 23 84
24 85 24 84
24 86 24 85
24 87 24 88
24 88 25 88
24 89 25 89
24 90 25 90
24 91 25 91
24 92 25 92
24 93 24 92
24 94 23 94
24 95 23 95
24 96 24 97
24 97 23 97
24 98 24 97
24 99 23 99
25 29 24 29
25 30 25 31
25 31 24 31
25 32 25 31
25 33 25 32
25 43 25 44
25 44 25 45
25 45 25 46
25 46 24 46
25 47 25 48
25 48 24 48
25 49 24 49
25 50 26 50
25 51 25 50
25 52 25 51
25 53 24 53
25 54 25 53
25 55 26 55
25 56 25 55
25 57 25 58
25 58 24 58
25 59 26 59
25 60 26 60
25 61 26 61
25 62 25 61
25 63 25 62
25 64 25 65
25 65 24 65
25 66 26 66
25 67 25 68
25 68 25 69
25 69 26 69
25 70 26 70
25 71 25 70
25 72 26 72
25 73 26 73
25 74 25 73
25 75 25 74
25 76 25 77
25 77 25 78
25 78 25 79
25 79 24 79
25 80 25 81
25 81 25 82
25 82 25 83
25 83 26 83
25 84 25 83
25 85 25 86
25 86 25 87
25 87 24 87
25 88 26 88
25 89 25 88
25 90 25 89
25 91 25 90
25 92 26 92
25 93 26 93
25 94 25 93
25 95 24 95
25 97 25 98
25 98 25 99
25 99 24 99
26 29 26 30
26 30 25 30
26 31 25 31
26 32 26 31
26 33 26 32
26 42 27 42
26 43 27 43
26 44 25 44
26 45 25 45
26 46 25 46
26 47 26 48
26 48 25 48
26 49 26 48
26 50 26 49
26 51 26 50
26 52 25 52
26 53 25 53
26 54 26 53
26 55 26 56
26 56 26 57
26 57 25 57
26 58 25 58
26 59 26 60
26 60 27 60
26 61 27 61
26 62 26 61
26 63 27 63
26 64 25 64
26 65 25 65
26 66 27 66
26 67 26 66
26 68 26 67
26 69 26 70
26 70 27 70
26 71 26 70
26 72 27 72
26 73 26 74
26 74 27 74
26 75 27 75
26 76 27 76
26 77 25 77
26 78 25 78
26 79 27 79
26 80 25 80
26 81 27 81
26 82 26 81
26 83 26 84
26 84 27 84
26 85 26 84
26 86 26 85
26 87 27 87
26 88 27 88
26 89 26 88
26 90 27 90
26 91 26 90
26 92 26 91
26 93 26 92
26 94 25 94
27 29 27 30
27 30 26 30
27 31 26 31
27 42 28 42
27 43 27 44
27 44 28 44
27 45 26 45
27 46 27 45
27 47 27 48
27 48 27 49
27 49 26 49
27 50 26 50
27 51 26 51
27 52 28 52
27 53 27 54
27 54 26 54
27 55 26 55
27 56 27 57
27 57 26 57
27 58 28 58
27 59 28 59
27 60 28 60
27 61 27 60
27 62 27 61
27 63 27 64
27 64 26 64
27 65 27 66
27 66 28 66
27 67 28 67
27 68 27 67
27 69 26 69
27 70 28 70
27 71 27 72
27 72 28 72
27 73 27 72
27 74 27 73
27 75 27 74
27 76 28 76
27 77 26 77
27 78 26 78
27 79 27 80
27 80 26 80
27 81 27 80
27 82 27 81
27 83 27 82
27 84 28 84
27 85 27 84
27 86 27 85
27 87 27 86
27 88 27 87
27 89 27 88
27 90 27 89
27 91 26 91
27 92 26 92
27 93 26 93
27 94 27 93
28 30 27 30
28 40 28 41
28 41 29 41
28 42 29 42
28 43 28 44
28 44 28 45
28 45 27 45
28 46 29 46
28 47 28 48
28 48 27 48
28 49 27 49
28 50 28 49
28 51 28 50
28 52 28 51
28 53 28 52
28 54 27 54
28 55 28 56
28 56 28 57
28 57 29 57
28 58 28 57
28 59 29 59
28 60 28 59
28 61 28 60
28 62 29 62
28 63 28 62
28 64 28 65
28 65 28 66
28 66 29 66
28 67 28 66
28 68 28 69
28 69 29 69
28 70 28 69
28 71 29 71
28 72 28 71
28 73 28 72
28 74 27 74
28 75 28 74
28 76 28 75
28 77 28 76
28 78 28 77
28 79 28 80
28 80 27 80
28 81 27 81
28 82 28 81
28 83 29 83
28 84 28 83
28 85 29 85
28 86 29 86
28 87 28 86
28 88 27 88
28 89 27 89
28 90 27 90
28 91 28 92
28 92 27 92
28 93 27 93
28 94 27 94
29 41 29 42
29 42 29 43
29 43 29 44
29 44 29 45
29 45 29 46
29 46 29 47
29 47 29 48
29 48 29 49
29 49 28 49
29 50 30 50
29 51 28 51
29 52 30 52
29 53 29 54
29 54 29 55
29 55 29 56
29 56 30 56
29 57 29 56
29 58 29 59
29 59 30 59
29 60 30 60
29 61 29 60
29 62 29 61
29 63 28 63
29 64 30 64
29 65 29 66
29 66 29 67
29 67 30 67
29 68 29 67
29 69 29 68
29 70 29 71
29 71 30 71
29 72 30 72
29 73 30 73
29 74 29 73
29 75 28 75
29 76 29 75
29 77 29 76
29 78 30 78
29 79 29 78
29 80 29 81
29 81 29 82
29 82 29 83
29 83 30 83
29 84 29 83
29 85 29 84
29 86 29 85
29 87 29 86
29 89 28 89
29 90 28 90
29 91 29 92
29 92 28 92
29 93 29 92
29 94 28 94
30 42 30 43
30 43 29 43
30 44 30 45
30 45 29 45
30 46 29 46
30 47 30 48
30 48 30 49
30 49 29 49
30 50 30 51
30 51 31 51
30 52 30 51
30 53 29 53
30 54 30 53
30 55 29 55
30 56 31 56
30 57 31 57
30 58 30 59
30 59 31 59
30 60 30 59
30 61 30 62
30 62 31 62
30 63 30 64
30 64 31 64
30 65 29 65
30 66 31 66
30 67 30 66
30 68 30 67
30 69 31 69
30 70 30 69
30 71 30 70
30 72 30 71
30 73 31 73
30 74 31 74
30 75 30 74
30 76 29 76
30 77 29 77
30 78 31 78
30 79 30 78
30 80 30 79
30 81 31 81
30 82 30 83
30 83 31 83
30 89 29 89
30 92 29 92
30 93 29 93
30 94 29 94
30 95 30 94
31 42 30 42
31 44 31 45
31 45 30 45
31 46 31 47
31 47 30 47
31 48 30 48
31 49 31 48
31 50 31 49
31 51 31 50
31 52 31 51
31 53 30 53
31 56 31 57
31 57 31 58
31 58 30 58
31 59 32 59
31 60 30 60
31 61 30 61
31 62 32 62
31 63 31 62
31 64 31 63
31 65 31 66
31 66 32 66
31 67 32 67
31 68 32 68
31 69 32 69
31 70 31 69
31 71 32 71
31 72 31 71
31 73 31 72
31 74 31 73
31 75 31 74
31 76 31 75
31 77 30 77
31 78 31 77
31 79 31 78
31 80 31 79
31 81 31 82
31 82 32 82
31 83 31 82
31 84 31 83
31 93 30 93
31 94 31 93
31 95 31 94
32 44 32 45
32 45 31 45
32 46 31 46
32 47 32 48
32 48 33 48
32 49 31 49
32 50 31 50
32 51 31 51
32 52 31 52
32 56 33 56
32 57 33 57
32 58 32 59
32 59 33 59
32 60 32 61
32 61 32 62
32 62 33 62
32 63 33 63
32 64 32 65
32 65 32 66
32 66 33 66
32 67 32 66
32 68 33 68
32 69 32 68
32 70 31 70
32 71 32 70
32 72 31 72
32 73 32 72
32 74 32 73
32 75 32 74
32 76 33 76
32 77 31 77
32 78 31 78
32 79 31 79
32 80 32 79
32 81 32 80
32 82 33 82
32 83 32 82
32 84 33 84
32 85 32 84
32 93 31 93
32 94 31 94
32 95 32 94
33 48 33 49
33 49 32 49
33 50 32 50
33 51 32 51
33 52 32 52
33 56 33 57
33 57 34 57
33 58 33 59
33 59 34 59
33 60 33 59
33 61 34 61
33 62 33 61
33 63 33 64
33 64 33 65
33 65 33 66
33 66 34 66
33 67 34 67
33 68 34 68
33 69 33 68
33 70 32 70
33 71 32 71
33 72 32 72
33 73 34 73
33 74 34 74
33 75 34 75
33 76 33 75
33 77 32 77
33 78 33 77
33 79 33 78
33 80 33 79
33 81 33 80
33 82 33 81
33 83 33 82
33 84 34 84
33 85 32 85
34 48 33 48
34 49 33 49
34 50 34 49
34 51 34 50
34 56 34 57
34 57 34 58
34 58 34 59
34 59 34 60
34 60 34 61
34 61 35 61
34 62 33 62
34 63 34 64
34 64 34 65
34 65 34 66
34 66 35 66
34 67 35 67
34 68 34 67
34 69 33 69
34 70 33 70
34 71 34 70
34 72 35 72
34 73 35 73
34 74 35 74
34 75 35 75
34 76 34 75
34 77 34 76
34 78 34 79
34 79 35 79
34 80 34 79
34 81 34 80
34 82 34 83
34 83 33 83
34 84 35 84
34 85 35 85
34 86 34 85
34 87 34 88
34 88 34 89
34 89 35 89
34 90 34 89
35 48 34 48
35 50 34 50
35 56 34 56
35 57 34 57
35 58 34 58
35 59 35 60
35 60 35 61
35 61 35 62
35 62 36 62
35 63 35 64
35 64 36 64
35 65 35 64
35 66 35 65
35 67 35 66
35 68 35 67
35 69 35 68
35 70 36 70
35 71 36 71
35 72 36 72
35 73 36 73
35 74 35 73
35 75 36 75
35 76 35 75
35 77 35 76
35 78 35 77
35 79 35 78
35 80 36 80
35 81 35 82
35 82 36 82
35 83 35 84
35 84 36 84
35 85 35 84
35 86 35 85
35 87 35 86
35 88 36 88
35 89 35 88
35 90 34 90
36 57 35 57
36 58 35 58
36 59 35 59
36 60 36 61
36 61 35 61
36 62 37 62
36 63 37 63
36 64 36 65
36 65 37 65
36 66 37 66
36 67 35 67
36 68 36 67
36 69 35 69
36 70 36 71
36 71 36 72
36 72 37 72
36 73 36 74
36 74 37 74
36 75 36 74
36 76 36 77
36 77 35 77
36 78 35 78
36 79 37 79
36 80 36 81
36 81 37 81
36 82 36 81
36 83 36 82
36 84 37 84
36 85 36 84
36 86 35 86
36 87 36 86
36 88 37 88
36 89 36 88
37 57 37 58
37 58 37 59
37 59 36 59
37 60 37 59
37 61 36 61
37 62 37 63
37 63 37 64
37 64 37 65
37 65 37 66
37 66 37 67
37 67 38 67
37 68 37 69
37 69 36 69
37 70 37 71
37 71 37 72
37 72 37 73
37 73 37 74
37 74 38 74
37 75 37 74
37 76 38 76
37 77 36 77
37 78 36 78
37 79 38 79
37 80 38 80
37 81 37 80
37 82 38 82
37 83 36 83
37 84 37 83
37 85 37 84
37 86 37 85
37 87 38 87
37 88 37 87
38 55 39 55
38 56 38 55
38 57 37 57
38 58 38 57
38 59 38 60
38 60 37 60
38 61 38 60
38 62 37 62
38 63 38 64
38 64 37 64
38 65 37 65
38 66 39 66
38 67 39 67
38 68 38 67
38 69 39 69
38 70 37 70
38 71 37 71
38 72 37 72
38 73 39 73
38 74 38 75
38 75 39 75
38 76 38 75
38 77 39 77
38 78 38 77
38 79 38 78
38 80 39 80
38 81 38 80
38 82 38 81
38 83 37 83
38 84 38 85
38 85 37 85
38 86 37 86
38 87 39 87
38 88 37 88
39 55 39 56
39 56 39 57
39 57 39 58
39 58 38 58
39 59 39 60
39 60 40 60
39 61 40 61
39 62 39 63
39 63 38 63
39 64 40 64
39 65 38 65
39 66 39 67
39 67 40 67
39 68 39 69
39 69 40 69
39 70 39 71
39 71 40 71
39 72 40 72
39 73 40 73
39 74 39 73
39 75 39 74
39 76 39 75
39 77 39 76
39 78 39 77
39 79 39 78
39 80 39 79
39 81 38 81
39 82 40 82
39 83 39 82
39 84 39 85
39 85 38 85
39 86 39 87
39 87 40 87
39 88 38 88
40 55 40 56
40 56 39 56
40 57 40 58
40 58 39 58
40 59 41 59
40 60 40 61
40 61 40 62
40 62 40 63
40 63 40 64
40 64 41 64
40 65 40 66
40 66 40 67
40 67 40 68
40 68 41 68
40 69 41 69
40 70 40 71
40 71 40 72
40 72 41 72
40 73 40 72
40 74 40 73
40 75 39 75
40 76 40 77
40 77 41 77
40 78 40 77
40 79 41 79
40 80 39 80
40 81 39 81
40 82 40 81
40 83 41 83
40 84 39 84
40 85 39 85
40 86 39 86
40 87 40 88
40 88 40 89
40 89 41 89
40 90 41 90
41 55 41 56
41 56 42 56
41 57 42 57
41 58 40 58
41 59 41 58
41 60 42 60
41 61 41 62
41 62 41 63
41 63 41 64
41 64 42 64
41 65 42 65
41 66 40 66
41 67 40 67
41 68 41 69
41 69 42 69
41 70 42 70
41 71 40 71
41 72 42 72
41 73 41 72
41 74 41 73
41 75 41 74
41 76 41 75
41 77 42 77
41 78 42 78
41 79 41 80
41 80 41 81
41 81 40 81
41 82 41 83
41 83 41 84
41 84 41 85
41 85 40 85
41 86 40 86
41 87 42 87
41 88 41 87
41 89 41 88
41 90 42 90
42 54 42 55
42 55 42 56
42 56 43 56
42 57 42 56
42 58 42 59
42 59 43 59
42 60 42 61
42 61 42 62
42 62 41 62
42 63 42 64
42 64 43 64
42 65 42 64
42 66 42 67
42 67 41 67
42 68 42 69
42 69 42 70
42 70 42 71
42 71 43 71
42 72 42 71
42 73 42 72
42 74 43 74
42 75 42 76
42 76 43 76
42 77 42 76
42 78 42 79
42 79 41 79
42 80 42 81
42 81 42 82
42 82 43 82
42 83 41 83
42 84 42 85
42 85 41 85
42 86 43 86
42 87 43 87
42 88 43 88
42 89 42 88
42 90 42 89
42 91 42 90
43 55 43 56
43 56 44 56
43 57 43 56
43 58 44 58
43 59 43 58
43 60 43 61
43 61 42 61
43 62 43 61
43 63 43 64
43 64 43 65
43 65 43 66
43 66 42 66
43 67 43 66
43 68 43 67
43 69 44 69
43 70 43 69
43 71 43 70
43 72 42 72
43 73 43 72
43 74 43 73
43 75 42 75
43 76 44 76
43 77 43 78
43 78 42 78
43 79 42 79
43 80 44 80
43 81 43 82
43 82 43 83
43 83 42 83
43 84 43 83
43 85 44 85
43 86 43 85
43 87 43 86
43 88 43 87
43 89 43 88
44 55 44 56
44 56 45 56
44 57 44 56
44 58 44 57
44 59 45 59
44 60 43 60
44 61 44 62
44 62 45 62
44 63 45 63
44 64 45 64
44 65 44 64
44 66 44 65
44 67 44 66
44 68 43 68
44 69 45 69
44 70 45 70
44 71 44 70
44 72 44 71
44 73 43 73
44 74 44 75
44 75 43 75
44 76 44 77
44 77 43 77
44 78 44 77
44 79 45 79
44 80 44 79
44 81 44 80
44 82 44 83
44 83 44 84
44 84 43 84
44 85 44 84
44 86 44 85
44 87 43 87
44 88 44 87
44 89 44 88
44 90 44 89
45 55 45 56
45 56 46 56
45 57 44 57
45 58 45 57
45 59 45 60
45 60 44 60
45 61 45 60
45 62 45 63
45 63 46 63
45 64 46 64
45 65 45 64
45 66 45 65
45 67 44 67
45 68 46 68
45 69 45 68
45 70 45 69
45 71 45 70
45 72 45 71
45 73 45 72
45 74 45 73
45 75 46 75
45 76 45 75
45 77 46 77
45 78 44 78
45 79 45 78
45 80 45 81
45 81 46 81
45 82 45 81
45 83 44 83
45 84 45 83
45 85 44 85
45 86 44 86
45 87 45 88
45 88 44 88
45 89 44 89
45 90 44 90
46 55 46 56
46 56 46 57
46 57 47 57
46 58 46 59
46 59 46 60
46 60 46 61
46 61 46 62
46 62 47 62
46 63 47 63
46 64 46 63
46 65 45 65
46 66 46 67
46 67 45 67
46 68 46 67
46 69 45 69
46 70 46 71
46 71 45 71
46 72 46 71
46 73 45 73
46 74 46 73
46 75 46 74
46 76 46 75
46 77 46 76
46 78 45 78
46 79 46 78
46 80 46 81
46 81 47 81
46 82 45 82
46 83 47 83
46 84 47 84
46 85 45 85
46 86 45 86
46 87 46 86
46 88 46 87
46 89 47 89
46 90 45 90
47 56 47 57
47 57 47 58
47 58 46 58
47 59 48 59
47 60 46 60
47 61 46 61
47 62 48 62
47 63 47 62
47 64 46 64
47 65 47 64
47 66 48 66
47 67 46 67
47 68 46 68
47 69 47 68
47 70 46 70
47 71 46 71
47 72 46 72
47 73 47 74
47 74 46 74
47 75 47 74
47 76 46 76
47 77 47 76
47 78 47 79
47 79 47 80
47 80 46 80
47 81 48 81
47 82 47 81
47 83 47 82
47 84 47 85
47 85 46 85
47 86 46 86
47 87 46 87
47 88 48 88
47 89 48 89
47 90 46 90
47 91 47 90
48 57 48 58
48 58 47 58
48 59 49 59
48 60 49 60
48 61 48 60
48 62 48 61
48 63 48 62
48 64 48 63
48 65 48 64
48 66 48 65
48 67 48 68
48 68 47 68
48 69 47 69
48 70 48 69
48 71 48 70
48 72 48 73
48 73 48 74
48 74 47 74
48 75 47 75
48 76 48 75
48 77 47 77
48 78 48 77
48 79 48 80
48 80 47 80
48 81 49 81
48 82 48 81
48 83 48 82
48 84 47 84
48 85 48 86
48 86 47 86
48 87 48 86
48 88 48 89
48 89 49 89
48 90 49 90
49 59 49 58
49 60 49 59
49 61 49 62
49 62 48 62
49 63 48 63
49 64 49 63
49 65 48 65
49 66 48 66
49 67 49 66
49 68 48 68
49 69 49 68
49 70 48 70
49 71 48 71
49 72 48 72
49 73 49 74
49 74 48 74
49 75 48 75
49 76 49 77
49 77 48 77
49 78 49 79
49 79 48 79
49 80 49 81
49 81 49 82
49 82 49 83
49 83 49 84
49 84 48 84
49 85 48 85
49 86 48 86
49 87 49 86
49 88 49 87
49 89 49 88
49 90 49 89
